0, 23, 14, 7, 5, 9, 11, 19
23, 0, 23, 65, 12, 8, 23, 17
14, 23, 0, 16, 83, 23, 19, 11
7, 65, 16, 0, 32, 31, 19, 8
5, 12, 83, 32, 0, 6, 16, 26
9, 8, 23, 31, 6, 0, 12, 11
11, 23, 19, 19, 16, 12, 0, 17
19, 17, 11, 8, 26, 11, 17, 0